
include!{"generated.rs"}

fn main() {
    let mut x: [f64; 7] = [1.0, 0.0, 0.0, 0.0, 0.0, 0.0, 0.0];
    let mut w = [-0.009454222, 0.021971079, 0.03888215];
    let d_t = 0.02;
    let mut p = [
        0.01, 0.0, 0.0, 0.0, 0.0, 0.0, 0.0, 0.0, 0.01, 0.0, 0.0, 0.0, 0.0, 0.0,
        0.0, 0.0, 0.01, 0.0, 0.0, 0.0, 0.0, 0.0, 0.0, 0.0, 0.01, 0.0, 0.0, 0.0,
        0.0, 0.0, 0.0, 0.0, 0.01, 0.0, 0.0, 0.0, 0.0, 0.0, 0.0, 0.0, 0.01, 0.0,
        0.0, 0.0, 0.0, 0.0, 0.0, 0.0, 0.01,
    ];
    let q = [
        0.001, 0.0, 0.0, 0.0, 0.0, 0.0, 0.0, 0.0, 0.001, 0.0, 0.0, 0.0, 0.0,
        0.0, 0.0, 0.0, 0.001, 0.0, 0.0, 0.0, 0.0, 0.0, 0.0, 0.0, 0.001, 0.0,
        0.0, 0.0, 0.0, 0.0, 0.0, 0.0, 0.001, 0.0, 0.0, 0.0, 0.0, 0.0, 0.0, 0.0,
        0.001, 0.0, 0.0, 0.0, 0.0, 0.0, 0.0, 0.0, 0.001,
    ];
    let (nx, np) = predict(x, w, p, q, d_t);
    println!("{:?}", nx);
    println!("{:?}", np);
    println!("---------------------");
    x = [
        -0.12277918,
        0.66605548,
        -0.72471107,
        -0.12684333,
        -0.03246229,
        -0.02853964,
        0.04783659,
    ];
    w = [-0.002530003, -0.9550096, 0.041678473];
    p = [
        3.93034423e-03,
        5.95189394e-06,
        1.36178018e-05,
        -7.77696121e-04,
        3.19800016e-03,
        -1.98175504e-03,
        -4.35825514e-04,
        5.95189394e-06,
        3.88491476e-03,
        8.22186095e-04,
        2.65921435e-05,
        3.77284717e-04,
        -3.72704428e-04,
        3.07886042e-03,
        1.36178018e-05,
        8.22186095e-04,
        3.90813576e-03,
        -7.00636716e-06,
        4.62012611e-04,
        2.43648459e-04,
        3.21244380e-03,
        -7.77696121e-04,
        2.65921435e-05,
        -7.00636716e-06,
        3.95050162e-03,
        -3.07764144e-03,
        -2.29500337e-03,
        3.95167289e-04,
        3.19800016e-03,
        3.77284717e-04,
        4.62012611e-04,
        -3.07764144e-03,
        1.04907537e-01,
        1.19448297e-04,
        4.87245479e-06,
        -1.98175504e-03,
        -3.72704428e-04,
        2.43648459e-04,
        -2.29500337e-03,
        1.19448297e-04,
        1.03576969e-01,
        -4.93875434e-05,
        -4.35825514e-04,
        3.07886042e-03,
        3.21244380e-03,
        3.95167289e-04,
        4.87245479e-06,
        -4.93875434e-05,
        1.04927215e-01,
    ];
    let (nx2, np2) = predict(x, w, p, q, d_t);
    println!("{:?}", nx2);
    println!("{:?}", np2);
}
